3 1 507 68 117 145 -1 -1 -1 0 
3 2 224 14 152 113 -1 -1 -1 0 
4 1 508 67 115 145 -1 -1 -1 0 
4 2 221 13 154 115 -1 -1 -1 0 
5 1 508 67 115 145 -1 -1 -1 0 
5 2 216 13 159 116 -1 -1 -1 0 
6 1 508 67 115 145 -1 -1 -1 0 
6 2 214 13 160 115 -1 -1 -1 0 
7 1 507 66 116 146 -1 -1 -1 0 
7 2 213 13 160 114 -1 -1 -1 0 
8 1 507 66 116 146 -1 -1 -1 0 
8 2 213 13 159 113 -1 -1 -1 0 
9 1 507 65 116 147 -1 -1 -1 0 
9 2 214 13 157 113 -1 -1 -1 0 
10 1 507 65 116 147 -1 -1 -1 0 
10 2 214 13 157 114 -1 -1 -1 0 
11 1 507 65 117 147 -1 -1 -1 0 
11 2 214 13 158 115 -1 -1 -1 0 
12 1 507 66 117 146 -1 -1 -1 0 
12 2 214 14 159 114 -1 -1 -1 0 
13 1 508 66 115 146 -1 -1 -1 0 
13 2 215 14 159 115 -1 -1 -1 0 
14 1 508 66 115 146 -1 -1 -1 0 
14 2 215 14 160 115 -1 -1 -1 0 
15 1 509 66 113 146 -1 -1 -1 0 
15 2 216 13 159 116 -1 -1 -1 0 
16 1 510 66 112 146 -1 -1 -1 0 
16 2 217 13 159 115 -1 -1 -1 0 
17 1 511 66 111 146 -1 -1 -1 0 
17 2 216 13 159 115 -1 -1 -1 0 
18 1 510 67 113 145 -1 -1 -1 0 
18 2 216 13 159 115 -1 -1 -1 0 
19 1 511 67 111 145 -1 -1 -1 0 
19 2 216 14 158 114 -1 -1 -1 0 
20 1 510 68 113 143 -1 -1 -1 0 
20 2 216 14 157 114 -1 -1 -1 0 
21 1 509 67 115 144 -1 -1 -1 0 
21 2 215 14 157 114 -1 -1 -1 0 
22 1 509 67 114 143 -1 -1 -1 0 
22 2 214 14 157 114 -1 -1 -1 0 
23 1 508 67 116 143 -1 -1 -1 0 
23 2 213 13 158 114 -1 -1 -1 0 
24 1 509 69 114 139 -1 -1 -1 0 
24 2 212 13 158 112 -1 -1 -1 0 
24 10 199 29 166 188 -1 -1 -1 0 
25 1 509 69 114 139 -1 -1 -1 0 
25 2 213 12 156 113 -1 -1 -1 0 
25 10 199 27 166 191 -1 -1 -1 0 
26 1 510 70 112 137 -1 -1 -1 0 
26 2 212 12 157 113 -1 -1 -1 0 
26 10 198 26 168 192 -1 -1 -1 0 
27 1 511 70 111 137 -1 -1 -1 0 
27 2 212 12 156 112 -1 -1 -1 0 
27 10 197 26 169 192 -1 -1 -1 0 
28 1 510 70 113 137 -1 -1 -1 0 
28 2 212 12 156 112 -1 -1 -1 0 
28 10 199 27 167 191 -1 -1 -1 0 
29 1 510 70 112 136 -1 -1 -1 0 
29 2 212 12 156 112 -1 -1 -1 0 
29 10 198 28 168 190 -1 -1 -1 0 
30 1 510 70 112 136 -1 -1 -1 0 
30 2 212 12 156 112 -1 -1 -1 0 
30 10 198 28 168 190 -1 -1 -1 0 
31 1 509 70 113 136 -1 -1 -1 0 
31 2 212 12 157 112 -1 -1 -1 0 
31 10 200 30 166 187 -1 -1 -1 0 
32 1 510 70 112 135 -1 -1 -1 0 
32 2 212 12 158 111 -1 -1 -1 0 
32 10 199 32 166 185 -1 -1 -1 0 
33 1 510 70 112 135 -1 -1 -1 0 
33 2 213 12 158 112 -1 -1 -1 0 
33 10 199 34 163 183 -1 -1 -1 0 
34 1 510 70 112 135 -1 -1 -1 0 
34 2 213 12 159 113 -1 -1 -1 0 
34 10 198 35 166 182 -1 -1 -1 0 
35 1 510 70 112 135 -1 -1 -1 0 
35 2 214 12 159 113 -1 -1 -1 0 
35 10 199 35 167 182 -1 -1 -1 0 
36 1 510 70 111 135 -1 -1 -1 0 
36 2 214 11 160 114 -1 -1 -1 0 
36 10 199 36 170 181 -1 -1 -1 0 
37 1 510 70 111 135 -1 -1 -1 0 
37 2 216 11 160 115 -1 -1 -1 0 
37 10 203 37 166 181 -1 -1 -1 0 
38 1 510 70 112 135 -1 -1 -1 0 
38 2 218 12 158 116 -1 -1 -1 0 
38 10 206 38 166 180 -1 -1 -1 0 
39 1 510 70 111 135 -1 -1 -1 0 
39 2 219 12 159 116 -1 -1 -1 0 
39 10 207 40 166 178 -1 -1 -1 0 
40 1 510 70 111 136 -1 -1 -1 0 
40 2 220 12 159 117 -1 -1 -1 0 
40 10 210 41 164 177 -1 -1 -1 0 
41 1 510 70 111 136 -1 -1 -1 0 
41 2 221 13 160 115 -1 -1 -1 0 
41 10 212 39 164 179 -1 -1 -1 0 
42 1 510 70 111 136 -1 -1 -1 0 
42 2 225 15 160 113 -1 -1 -1 0 
42 10 220 43 160 176 -1 -1 -1 0 
43 1 510 70 111 136 -1 -1 -1 0 
43 2 230 15 156 113 -1 -1 -1 0 
43 10 225 44 158 176 -1 -1 -1 0 
44 1 508 68 114 139 -1 -1 -1 0 
44 2 232 16 156 112 -1 -1 -1 0 
44 10 226 50 164 170 -1 -1 -1 0 
45 1 508 68 114 139 -1 -1 -1 0 
45 2 235 17 155 110 -1 -1 -1 0 
45 10 230 53 161 167 -1 -1 -1 0 
46 1 507 68 116 139 -1 -1 -1 0 
46 2 237 18 154 107 -1 -1 -1 0 
46 10 237 47 149 174 -1 -1 -1 0 
47 1 508 68 114 140 -1 -1 -1 0 
47 2 238 19 154 106 -1 -1 -1 0 
47 10 237 44 151 177 -1 -1 -1 0 
48 1 508 68 114 140 -1 -1 -1 0 
48 2 238 20 154 104 -1 -1 -1 0 
48 10 237 41 153 178 -1 -1 -1 0 
49 1 508 68 114 140 -1 -1 -1 0 
49 2 239 20 151 104 -1 -1 -1 0 
49 10 237 39 153 179 -1 -1 -1 0 
50 1 507 68 115 140 -1 -1 -1 0 
50 2 240 19 147 110 -1 -1 -1 0 
50 10 237 36 152 180 -1 -1 -1 0 
51 1 507 68 114 140 -1 -1 -1 0 
51 2 237 19 150 111 -1 -1 -1 0 
51 10 235 34 153 182 -1 -1 -1 0 
52 1 507 68 114 140 -1 -1 -1 0 
52 2 235 20 150 111 -1 -1 -1 0 
52 10 233 32 153 184 -1 -1 -1 0 
53 1 508 68 113 140 -1 -1 -1 0 
53 2 234 18 152 108 -1 -1 -1 0 
53 10 233 32 151 184 -1 -1 -1 0 
54 1 507 68 114 140 -1 -1 -1 0 
54 2 232 17 152 108 -1 -1 -1 0 
54 10 225 31 159 185 -1 -1 -1 0 
55 1 507 68 114 140 -1 -1 -1 0 
55 2 230 17 152 109 -1 -1 -1 0 
55 10 222 31 158 186 -1 -1 -1 0 
56 1 508 68 113 140 -1 -1 -1 0 
56 2 228 16 153 111 -1 -1 -1 0 
56 10 215 36 164 183 -1 -1 -1 0 
57 1 507 68 114 140 -1 -1 -1 0 
57 2 227 15 152 112 -1 -1 -1 0 
57 10 213 37 164 182 -1 -1 -1 0 
58 1 507 67 114 141 -1 -1 -1 0 
58 2 226 15 152 113 -1 -1 -1 0 
58 10 214 33 161 185 -1 -1 -1 0 
59 1 507 68 115 140 -1 -1 -1 0 
59 2 228 16 144 115 -1 -1 -1 0 
59 10 212 35 162 183 -1 -1 -1 0 
60 1 507 68 115 139 -1 -1 -1 0 
60 2 224 17 149 115 -1 -1 -1 0 
60 10 212 33 160 185 -1 -1 -1 0 
61 1 507 68 114 139 -1 -1 -1 0 
61 2 221 15 157 110 -1 -1 -1 0 
61 10 211 33 160 185 -1 -1 -1 0 
62 1 507 68 114 139 -1 -1 -1 0 
62 2 221 15 156 105 -1 -1 -1 0 
63 1 506 68 116 139 -1 -1 -1 0 
63 2 222 15 155 104 -1 -1 -1 0 
64 1 507 68 114 140 -1 -1 -1 0 
64 2 224 15 153 103 -1 -1 -1 0 
65 1 506 68 116 140 -1 -1 -1 0 
65 2 224 15 153 102 -1 -1 -1 0 
66 1 506 69 116 138 -1 -1 -1 0 
66 2 224 15 153 103 -1 -1 -1 0 
66 10 211 27 165 188 -1 -1 -1 0 
67 1 506 69 116 138 -1 -1 -1 0 
67 2 223 15 155 105 -1 -1 -1 0 
67 10 211 26 164 188 -1 -1 -1 0 
68 1 506 70 115 137 -1 -1 -1 0 
68 2 223 15 153 105 -1 -1 -1 0 
68 10 211 25 164 190 -1 -1 -1 0 
69 1 507 70 114 136 -1 -1 -1 0 
69 2 224 16 149 112 -1 -1 -1 0 
69 10 212 25 163 191 -1 -1 -1 0 
70 1 507 70 114 136 -1 -1 -1 0 
70 2 223 16 149 116 -1 -1 -1 0 
70 10 212 27 161 191 -1 -1 -1 0 
71 1 507 70 114 136 -1 -1 -1 0 
71 2 222 16 150 117 -1 -1 -1 0 
71 10 211 28 162 190 -1 -1 -1 0 
72 1 506 70 116 136 -1 -1 -1 0 
72 2 221 17 151 117 -1 -1 -1 0 
72 10 211 29 161 189 -1 -1 -1 0 
73 1 506 70 116 136 -1 -1 -1 0 
73 2 220 17 152 117 -1 -1 -1 0 
73 10 210 31 161 189 -1 -1 -1 0 
74 1 506 70 115 136 -1 -1 -1 0 
74 2 220 17 152 116 -1 -1 -1 0 
74 10 209 35 161 186 -1 -1 -1 0 
75 1 506 70 114 136 -1 -1 -1 0 
75 2 221 18 152 115 -1 -1 -1 0 
75 10 208 38 165 183 -1 -1 -1 0 
76 1 505 70 116 136 -1 -1 -1 0 
76 2 220 18 153 115 -1 -1 -1 0 
76 10 205 39 169 183 -1 -1 -1 0 
77 1 505 70 116 136 -1 -1 -1 0 
77 2 218 16 158 114 -1 -1 -1 0 
77 10 204 40 170 182 -1 -1 -1 0 
78 1 505 70 116 135 -1 -1 -1 0 
78 2 219 14 155 115 -1 -1 -1 0 
78 10 206 34 163 186 -1 -1 -1 0 
79 1 505 70 117 135 -1 -1 -1 0 
79 2 217 14 158 113 -1 -1 -1 0 
79 10 206 32 162 187 -1 -1 -1 0 
80 1 506 70 114 134 -1 -1 -1 0 
80 2 217 14 157 113 -1 -1 -1 0 
80 10 204 27 165 192 -1 -1 -1 0 
81 1 506 70 115 134 -1 -1 -1 0 
81 2 217 13 156 117 -1 -1 -1 0 
81 10 202 24 169 195 -1 -1 -1 0 
82 1 507 70 115 135 -1 -1 -1 0 
82 2 214 13 160 112 -1 -1 -1 0 
82 10 201 21 171 198 -1 -1 -1 0 
83 1 510 71 112 131 -1 -1 -1 0 
83 2 214 13 158 112 -1 -1 -1 0 
83 10 201 20 171 200 -1 -1 -1 0 
84 1 511 71 113 129 -1 -1 -1 0 
84 2 213 13 159 111 -1 -1 -1 0 
84 10 200 19 171 201 -1 -1 -1 0 
85 1 512 71 114 128 -1 -1 -1 0 
85 10 197 19 172 201 -1 -1 -1 0 
86 1 513 70 114 129 -1 -1 -1 0 
86 10 198 18 169 203 -1 -1 -1 0 
87 1 513 70 116 126 -1 -1 -1 0 
87 10 195 17 172 204 -1 -1 -1 0 
88 1 515 70 114 125 -1 -1 -1 0 
88 10 194 17 173 203 -1 -1 -1 0 
89 1 517 70 114 125 -1 -1 -1 0 
89 10 193 15 175 205 -1 -1 -1 0 
90 1 520 71 113 123 -1 -1 -1 0 
90 10 194 14 174 206 -1 -1 -1 0 
91 1 523 70 110 126 -1 -1 -1 0 
91 10 196 14 172 206 -1 -1 -1 0 
92 1 524 70 109 127 -1 -1 -1 0 
92 10 197 13 172 207 -1 -1 -1 0 
93 1 525 70 107 129 -1 -1 -1 0 
93 10 197 14 173 206 -1 -1 -1 0 
94 1 528 69 104 133 -1 -1 -1 0 
94 10 198 14 173 206 -1 -1 -1 0 
95 1 529 70 104 134 -1 -1 -1 0 
95 10 198 14 174 205 -1 -1 -1 0 
96 1 530 70 104 135 -1 -1 -1 0 
96 10 197 15 176 204 -1 -1 -1 0 
97 1 531 70 104 136 -1 -1 -1 0 
97 10 197 15 176 204 -1 -1 -1 0 
98 1 531 71 105 136 -1 -1 -1 0 
98 10 198 15 174 204 -1 -1 -1 0 
99 1 532 71 104 135 -1 -1 -1 0 
99 10 201 16 172 202 -1 -1 -1 0 
100 1 532 71 103 134 -1 -1 -1 0 
100 10 202 16 171 202 -1 -1 -1 0 
101 1 532 71 103 133 -1 -1 -1 0 
101 10 203 16 172 202 -1 -1 -1 0 
102 1 532 71 102 132 -1 -1 -1 0 
102 10 204 16 171 202 -1 -1 -1 0 
103 1 532 71 103 130 -1 -1 -1 0 
103 10 205 16 170 202 -1 -1 -1 0 
104 1 534 71 102 122 -1 -1 -1 0 
104 10 206 16 169 201 -1 -1 -1 0 
105 1 536 71 99 121 -1 -1 -1 0 
105 10 207 16 169 201 -1 -1 -1 0 
106 1 537 69 97 128 -1 -1 -1 0 
106 10 209 16 168 201 -1 -1 -1 0 
107 1 539 69 96 129 -1 -1 -1 0 
107 10 211 16 166 201 -1 -1 -1 0 
108 1 541 68 94 130 -1 -1 -1 0 
108 10 212 15 166 202 -1 -1 -1 0 
109 1 543 68 92 133 -1 -1 -1 0 
109 10 212 15 167 202 -1 -1 -1 0 
110 1 549 68 86 132 -1 -1 -1 0 
110 10 211 14 169 203 -1 -1 -1 0 
111 1 553 66 81 134 -1 -1 -1 0 
111 10 211 15 168 202 -1 -1 -1 0 
112 1 555 65 79 134 -1 -1 -1 0 
112 10 211 16 167 202 -1 -1 -1 0 
113 1 557 64 77 135 -1 -1 -1 0 
113 10 209 16 168 202 -1 -1 -1 0 
114 10 209 16 168 202 -1 -1 -1 0 
115 10 207 16 170 202 -1 -1 -1 0 
116 10 205 16 173 202 -1 -1 -1 0 
117 10 204 17 173 201 -1 -1 -1 0 
118 10 203 17 174 201 -1 -1 -1 0 
119 10 204 17 172 202 -1 -1 -1 0 
120 10 200 13 188 154 -1 -1 -1 0 
